  -1.5777053e+00
  -7.0888899e-01
   2.1302278e+00
  -2.3987840e+00
   1.0540295e+00
  -8.7097667e-01
   1.5792723e-01
  -8.3539142e-01
   7.7220420e-01
  -3.0951534e-01
  -1.9192351e+00
   2.6749603e+00
  -2.0203550e+00
   8.1527391e-01
   1.4228680e+00
  -4.3312964e-01
  -3.5863812e-01
   9.1575244e-02
   3.3867674e-01
   1.9748766e+00
  -1.5777053e+00
  -7.0888899e-01
   2.1302278e+00
  -2.3987840e+00
   1.0540295e+00
  -8.7097667e-01
   1.5792723e-01
  -8.3539142e-01
   7.7220420e-01
  -3.0951534e-01
  -1.9192351e+00
   2.6749603e+00
  -2.0203550e+00
   8.1527391e-01
   1.4228680e+00
  -4.3312964e-01
  -3.5863812e-01
   9.1575244e-02
   3.3867674e-01
   1.9748766e+00
  -1.5777053e+00
  -7.0888899e-01
   2.1302278e+00
  -2.3987840e+00
   1.0540295e+00
  -8.7097667e-01
   1.5792723e-01
  -8.3539142e-01
   7.7220420e-01
  -3.0951534e-01
  -4.7533453e-01
   1.9871319e+00
  -1.9548494e+00
   3.3278782e-02
  -1.9011491e-01
   6.8870467e-01
   4.7224227e-01
  -1.1986148e+00
   1.2312608e+00
  -9.8214872e-01
   1.8861660e+00
  -1.0406951e+00
   1.7012361e+00
  -4.9359866e-01
  -1.3310225e+00
   2.1416751e+00
  -2.1426006e+00
   1.1427214e+00
   8.0301677e-01
  -2.2784546e+00
  -4.7533453e-01
   1.9871319e+00
  -1.9548494e+00
   3.3278782e-02
  -1.9011491e-01
   6.8870467e-01
   4.7224227e-01
  -1.1986148e+00
   1.2312608e+00
  -9.8214872e-01
   1.8861660e+00
  -1.0406951e+00
   1.7012361e+00
  -4.9359866e-01
  -1.3310225e+00
   2.1416751e+00
  -2.1426006e+00
   1.1427214e+00
   8.0301677e-01
  -2.2784546e+00
  -4.7533453e-01
   1.9871319e+00
  -1.9548494e+00
   3.3278782e-02
  -1.9011491e-01
   6.8870467e-01
   4.7224227e-01
  -1.1986148e+00
   1.2312608e+00
  -9.8214872e-01
  -3.2364072e-01
  -2.0313971e-01
   3.6122628e-01
  -4.2674687e-01
  -8.2843555e-02
   1.5408751e+00
  -1.1017797e-01
  -3.2961481e-01
   6.3607618e-01
   4.8616770e-01
  -1.5370089e+00
   3.0711249e+00
  -2.8520941e+00
   9.6327153e-02
   2.2436303e+00
  -2.3064919e+00
   2.9833752e-01
  -1.6000623e+00
   1.3664949e+00
  -3.2843919e-01
  -3.2364072e-01
  -2.0313971e-01
   3.6122628e-01
  -4.2674687e-01
  -8.2843555e-02
   1.5408751e+00
  -1.1017797e-01
  -3.2961481e-01
   6.3607618e-01
   4.8616770e-01
  -1.5370089e+00
   3.0711249e+00
  -2.8520941e+00
   9.6327153e-02
   2.2436303e+00
  -2.3064919e+00
   2.9833752e-01
  -1.6000623e+00
   1.3664949e+00
  -3.2843919e-01
  -3.2364072e-01
  -2.0313971e-01
   3.6122628e-01
  -4.2674687e-01
  -8.2843555e-02
   1.5408751e+00
  -1.1017797e-01
  -3.2961481e-01
   6.3607618e-01
   4.8616770e-01
   1.2310086e+00
  -3.0672919e+00
  -9.9493408e-01
   2.2156572e+00
  -2.0972926e+00
   2.7506083e+00
  -1.5512021e-01
   7.1475879e-01
  -1.3904939e+00
  -1.1245344e+00
   6.9973010e-01
  -1.0268060e+00
  -6.2060598e-01
  -7.6818820e-01
   2.8095109e+00
   4.5049873e-01
   6.4105291e-01
   1.5001301e+00
  -1.2285573e-01
  -1.6448327e+00
   1.2310086e+00
  -3.0672919e+00
  -9.9493408e-01
   2.2156572e+00
  -2.0972926e+00
   2.7506083e+00
  -1.5512021e-01
   7.1475879e-01
  -1.3904939e+00
  -1.1245344e+00
   6.9973010e-01
  -1.0268060e+00
  -6.2060598e-01
  -7.6818820e-01
   2.8095109e+00
   4.5049873e-01
   6.4105291e-01
   1.5001301e+00
  -1.2285573e-01
  -1.6448327e+00
   1.2310086e+00
  -3.0672919e+00
  -9.9493408e-01
   2.2156572e+00
  -2.0972926e+00
   2.7506083e+00
  -1.5512021e-01
   7.1475879e-01
  -1.3904939e+00
  -1.1245344e+00
   3.8497011e-01
  -9.1591670e-01
  -6.8632829e-01
   2.6814356e-01
   2.8457072e+00
  -1.0151069e+00
   9.5279389e-01
   1.8339640e+00
   1.5417328e-01
  -1.6176965e+00
  -9.5462950e-01
  -2.2450641e+00
   7.8230457e-01
  -4.8583843e-01
  -3.6846805e-01
   3.0944656e+00
  -2.4034882e+00
   2.4873909e+00
  -7.0703497e-01
  -1.4043414e+00
   3.8497011e-01
  -9.1591670e-01
  -6.8632829e-01
   2.6814356e-01
   2.8457072e+00
  -1.0151069e+00
   9.5279389e-01
   1.8339640e+00
   1.5417328e-01
  -1.6176965e+00
  -9.5462950e-01
  -2.2450641e+00
   7.8230457e-01
  -4.8583843e-01
  -3.6846805e-01
   3.0944656e+00
  -2.4034882e+00
   2.4873909e+00
  -7.0703497e-01
  -1.4043414e+00
   3.8497011e-01
  -9.1591670e-01
  -6.8632829e-01
   2.6814356e-01
   2.8457072e+00
  -1.0151069e+00
   9.5279389e-01
   1.8339640e+00
   1.5417328e-01
  -1.6176965e+00
  -2.3483500e+00
  -6.2939495e-01
  -3.0966821e-02
  -5.2616537e-01
   3.2979504e+00
  -7.8890939e-01
   2.1166917e+00
   4.5738252e-01
  -3.7865041e-01
  -1.0748042e+00
  -1.4717245e-02
   1.7418720e-01
  -4.0391262e+00
   2.6572261e+00
   1.2780757e-01
  -2.2221692e-01
   1.1230334e+00
  -2.3159868e-01
   1.4632766e-01
   1.8429372e-01
  -2.3483500e+00
  -6.2939495e-01
  -3.0966821e-02
  -5.2616537e-01
   3.2979504e+00
  -7.8890939e-01
   2.1166917e+00
   4.5738252e-01
  -3.7865041e-01
  -1.0748042e+00
  -1.4717245e-02
   1.7418720e-01
  -4.0391262e+00
   2.6572261e+00
   1.2780757e-01
  -2.2221692e-01
   1.1230334e+00
  -2.3159868e-01
   1.4632766e-01
   1.8429372e-01
  -2.3483500e+00
  -6.2939495e-01
  -3.0966821e-02
  -5.2616537e-01
   3.2979504e+00
  -7.8890939e-01
   2.1166917e+00
   4.5738252e-01
  -3.7865041e-01
  -1.0748042e+00
   1.1592852e+00
   1.6540846e-01
  -7.0671205e-01
   4.2224815e-01
  -3.9473003e-02
   9.0508820e-01
  -7.3209581e-01
   1.9564053e+00
  -1.1590865e+00
   8.4079261e-01
  -1.0757738e+00
   3.4474992e-01
   1.9574748e+00
  -4.0759185e+00
   2.2032435e+00
   2.6180230e-01
  -1.4388686e+00
  -1.3199647e-01
  -1.6799373e-01
  -6.8857993e-01
   1.1592852e+00
   1.6540846e-01
  -7.0671205e-01
   4.2224815e-01
  -3.9473003e-02
   9.0508820e-01
  -7.3209581e-01
   1.9564053e+00
  -1.1590865e+00
   8.4079261e-01
  -1.0757738e+00
   3.4474992e-01
   1.9574748e+00
  -4.0759185e+00
   2.2032435e+00
   2.6180230e-01
  -1.4388686e+00
  -1.3199647e-01
  -1.6799373e-01
  -6.8857993e-01
   1.1592852e+00
   1.6540846e-01
  -7.0671205e-01
   4.2224815e-01
  -3.9473003e-02
   9.0508820e-01
  -7.3209581e-01
   1.9564053e+00
  -1.1590865e+00
   8.4079261e-01
   9.3570275e-01
   2.6101297e-01
  -1.0290794e+00
  -3.9293286e-01
  -6.1986216e-01
  -5.4686997e-01
   7.0721597e-01
  -1.4096822e+00
   2.8218429e+00
  -1.3016006e+00
   1.9753215e+00
  -1.4204378e-01
  -2.7741321e+00
   1.1513452e+00
  -3.0858853e+00
  -7.5994388e-01
   1.9441058e+00
   8.5915744e-01
  -8.7522993e-01
   2.2815577e+00
   9.3570275e-01
   2.6101297e-01
  -1.0290794e+00
  -3.9293286e-01
  -6.1986216e-01
  -5.4686997e-01
   7.0721597e-01
  -1.4096822e+00
   2.8218429e+00
  -1.3016006e+00
   1.9753215e+00
  -1.4204378e-01
  -2.7741321e+00
   1.1513452e+00
  -3.0858853e+00
  -7.5994388e-01
   1.9441058e+00
   8.5915744e-01
  -8.7522993e-01
   2.2815577e+00
   9.3570275e-01
   2.6101297e-01
  -1.0290794e+00
  -3.9293286e-01
  -6.1986216e-01
  -5.4686997e-01
   7.0721597e-01
  -1.4096822e+00
   2.8218429e+00
  -1.3016006e+00
  -3.0968003e-01
  -5.3188106e-01
  -6.1590877e-01
  -8.5934961e-01
  -1.4486410e+00
  -1.3757262e+00
   1.2321485e+00
   4.0534747e-01
   6.0997918e-01
  -5.7412254e-01
   3.8767060e+00
  -1.4496952e+00
  -1.8165018e-01
   5.4786720e-01
  -3.8796843e+00
   2.3020661e+00
  -2.7130899e-01
   2.1919534e-01
   9.8803960e-01
   1.3162984e+00
  -3.0968003e-01
  -5.3188106e-01
  -6.1590877e-01
  -8.5934961e-01
  -1.4486410e+00
  -1.3757262e+00
   1.2321485e+00
   4.0534747e-01
   6.0997918e-01
  -5.7412254e-01
   3.8767060e+00
  -1.4496952e+00
  -1.8165018e-01
   5.4786720e-01
  -3.8796843e+00
   2.3020661e+00
  -2.7130899e-01
   2.1919534e-01
   9.8803960e-01
   1.3162984e+00
  -3.0968003e-01
  -5.3188106e-01
  -6.1590877e-01
  -8.5934961e-01
  -1.4486410e+00
  -1.3757262e+00
   1.2321485e+00
   4.0534747e-01
   6.0997918e-01
  -5.7412254e-01
  -1.9173446e+00
   1.6659356e+00
  -1.2024128e+00
  -2.5700220e+00
   5.0955312e-01
  -1.1593029e+00
  -5.2200088e-01
  -3.9183740e-01
   3.2670257e+00
  -1.0952113e+00
  -6.7428118e-02
   1.2722561e+00
  -6.5804203e-01
  -5.4038610e-01
  -1.8020417e-01
  -2.0323042e+00
   1.0356624e+00
   1.8365876e+00
  -2.6480865e-01
   3.0142847e+00
  -1.9173446e+00
   1.6659356e+00
  -1.2024128e+00
  -2.5700220e+00
   5.0955312e-01
  -1.1593029e+00
  -5.2200088e-01
  -3.9183740e-01
   3.2670257e+00
  -1.0952113e+00
  -6.7428118e-02
   1.2722561e+00
  -6.5804203e-01
  -5.4038610e-01
  -1.8020417e-01
  -2.0323042e+00
   1.0356624e+00
   1.8365876e+00
  -2.6480865e-01
   3.0142847e+00
  -1.9173446e+00
   1.6659356e+00
  -1.2024128e+00
  -2.5700220e+00
   5.0955312e-01
  -1.1593029e+00
  -5.2200088e-01
  -3.9183740e-01
   3.2670257e+00
  -1.0952113e+00
   4.0063351e-01
   3.6420511e-01
  -3.1767263e-03
   7.6876146e-01
  -6.1629168e-01
  -2.0260457e-01
   2.3755172e+00
  -3.1733584e+00
   2.8277221e+00
  -8.8154500e-01
  -1.8905238e+00
   1.7223269e+00
  -8.5254564e-01
  -5.4959913e-01
  -9.6995896e-01
   1.1826358e+00
  -2.8036387e-02
  -3.1356069e-01
  -1.2433396e+00
   1.0827386e+00
   4.0063351e-01
   3.6420511e-01
  -3.1767263e-03
   7.6876146e-01
  -6.1629168e-01
  -2.0260457e-01
   2.3755172e+00
  -3.1733584e+00
   2.8277221e+00
  -8.8154500e-01
  -1.8905238e+00
   1.7223269e+00
  -8.5254564e-01
  -5.4959913e-01
  -9.6995896e-01
   1.1826358e+00
  -2.8036387e-02
  -3.1356069e-01
  -1.2433396e+00
   1.0827386e+00
   4.0063351e-01
   3.6420511e-01
  -3.1767263e-03
   7.6876146e-01
  -6.1629168e-01
  -2.0260457e-01
   2.3755172e+00
  -3.1733584e+00
   2.8277221e+00
  -8.8154500e-01
  -2.2729445e+00
  -9.3855646e-01
   6.4548435e-01
  -8.0388794e-01
   1.8318375e+00
  -1.3618067e-01
   1.6801253e+00
  -8.1755770e-01
   1.5845209e+00
  -1.3474306e+00
  -2.3295498e+00
   2.1082305e+00
  -1.6793310e-01
  -1.5693263e+00
   1.9733766e+00
   1.3093805e+00
   9.4687057e-04
   1.8582248e+00
  -2.9458641e+00
   3.3710393e-01
  -2.2729445e+00
  -9.3855646e-01
   6.4548435e-01
  -8.0388794e-01
   1.8318375e+00
  -1.3618067e-01
   1.6801253e+00
  -8.1755770e-01
   1.5845209e+00
  -1.3474306e+00
  -2.3295498e+00
   2.1082305e+00
  -1.6793310e-01
  -1.5693263e+00
   1.9733766e+00
   1.3093805e+00
   9.4687057e-04
   1.8582248e+00
  -2.9458641e+00
   3.3710393e-01
  -2.2729445e+00
  -9.3855646e-01
   6.4548435e-01
  -8.0388794e-01
   1.8318375e+00
  -1.3618067e-01
   1.6801253e+00
  -8.1755770e-01
   1.5845209e+00
  -1.3474306e+00
   1.7715210e+00
  -7.8494435e-01
   1.0338433e+00
  -2.7088293e+00
   1.5692113e+00
   1.7561450e+00
  -2.5859049e+00
   2.8890791e+00
  -8.6684190e-01
  -1.9131570e-01
   8.6437087e-01
   4.8429181e-02
  -8.3970486e-01
   1.0009276e+00
  -4.1524310e-01
  -5.3195075e-01
   1.0288755e-01
  -2.0384530e-01
  -6.3413931e-01
  -1.2736954e+00
   1.7715210e+00
  -7.8494435e-01
   1.0338433e+00
  -2.7088293e+00
   1.5692113e+00
   1.7561450e+00
  -2.5859049e+00
   2.8890791e+00
  -8.6684190e-01
  -1.9131570e-01
   8.6437087e-01
   4.8429181e-02
  -8.3970486e-01
   1.0009276e+00
  -4.1524310e-01
  -5.3195075e-01
   1.0288755e-01
  -2.0384530e-01
  -6.3413931e-01
  -1.2736954e+00
   1.7715210e+00
  -7.8494435e-01
   1.0338433e+00
  -2.7088293e+00
   1.5692113e+00
   1.7561450e+00
  -2.5859049e+00
   2.8890791e+00
  -8.6684190e-01
  -1.9131570e-01
  -1.5463586e+00
   4.6448174e-01
   1.5616138e+00
  -9.7985100e-01
  -2.3574950e-01
  -1.3157358e+00
   9.2875236e-01
  -1.8421167e+00
   1.8487873e+00
   3.0404628e-01
   1.4693147e+00
   1.5164719e+00
  -1.7840070e+00
   2.1707396e+00
  -2.6483250e+00
  -1.0205832e+00
  -6.0055126e-01
  -1.9864166e+00
   1.0065233e+00
   2.6889638e+00
  -1.5463586e+00
   4.6448174e-01
   1.5616138e+00
  -9.7985100e-01
  -2.3574950e-01
  -1.3157358e+00
   9.2875236e-01
  -1.8421167e+00
   1.8487873e+00
   3.0404628e-01
   1.4693147e+00
   1.5164719e+00
  -1.7840070e+00
   2.1707396e+00
  -2.6483250e+00
  -1.0205832e+00
  -6.0055126e-01
  -1.9864166e+00
   1.0065233e+00
   2.6889638e+00
  -1.5463586e+00
   4.6448174e-01
   1.5616138e+00
  -9.7985100e-01
  -2.3574950e-01
  -1.3157358e+00
   9.2875236e-01
  -1.8421167e+00
   1.8487873e+00
   3.0404628e-01
  -1.8932555e-01
  -4.3193053e-01
  -6.6349899e-01
   1.1296670e-01
  -4.2414192e-01
   6.3611873e-01
  -1.9689833e+00
   1.1302376e+00
   8.1165960e-01
  -1.5635512e+00
  -1.0204714e-01
   2.3689241e+00
  -2.3350780e+00
   1.5270044e+00
   1.2071635e+00
  -1.1146363e+00
   1.4073915e+00
  -2.3974591e+00
   2.2568604e+00
  -2.6767459e-01
  -1.8932555e-01
  -4.3193053e-01
  -6.6349899e-01
   1.1296670e-01
  -4.2414192e-01
   6.3611873e-01
  -1.9689833e+00
   1.1302376e+00
   8.1165960e-01
  -1.5635512e+00
  -1.0204714e-01
   2.3689241e+00
  -2.3350780e+00
   1.5270044e+00
   1.2071635e+00
  -1.1146363e+00
   1.4073915e+00
  -2.3974591e+00
   2.2568604e+00
  -2.6767459e-01
  -1.8932555e-01
  -4.3193053e-01
  -6.6349899e-01
   1.1296670e-01
  -4.2414192e-01
   6.3611873e-01
  -1.9689833e+00
   1.1302376e+00
   8.1165960e-01
  -1.5635512e+00
  -9.1804366e-01
  -6.2165785e-02
   1.7310444e+00
   2.8943469e-01
   1.5839478e+00
  -1.1412882e-01
   1.2007704e+00
  -4.5362040e-01
  -2.4952850e+00
   2.8386108e+00
  -3.3678055e+00
   6.6614522e-01
   9.7751562e-01
  -2.9952631e-01
   2.1788803e+00
   5.6160088e-01
  -1.4327226e+00
  -1.8290234e+00
   5.4169822e-01
  -1.5973269e+00
  -9.1804366e-01
  -6.2165785e-02
   1.7310444e+00
   2.8943469e-01
   1.5839478e+00
  -1.1412882e-01
   1.2007704e+00
  -4.5362040e-01
  -2.4952850e+00
   2.8386108e+00
  -3.3678055e+00
   6.6614522e-01
   9.7751562e-01
  -2.9952631e-01
   2.1788803e+00
   5.6160088e-01
  -1.4327226e+00
  -1.8290234e+00
   5.4169822e-01
  -1.5973269e+00
  -9.1804366e-01
  -6.2165785e-02
   1.7310444e+00
   2.8943469e-01
   1.5839478e+00
  -1.1412882e-01
   1.2007704e+00
  -4.5362040e-01
  -2.4952850e+00
   2.8386108e+00
   6.4136033e-02
  -6.7003982e-01
   1.1273588e+00
  -9.5887099e-02
   1.6735281e+00
  -1.4418185e+00
  -1.0259273e+00
   4.0597294e+00
  -3.0409285e+00
   1.1142050e+00
   2.3492741e-01
  -5.1706653e-01
   2.7966247e-01
  -4.8741183e-01
  -4.9815417e-01
  -8.9324656e-01
   1.1921548e+00
  -8.5498593e-01
  -6.7577008e-03
  -2.1347819e-01
   6.4136033e-02
  -6.7003982e-01
   1.1273588e+00
  -9.5887099e-02
   1.6735281e+00
  -1.4418185e+00
  -1.0259273e+00
   4.0597294e+00
  -3.0409285e+00
   1.1142050e+00
   2.3492741e-01
  -5.1706653e-01
   2.7966247e-01
  -4.8741183e-01
  -4.9815417e-01
  -8.9324656e-01
   1.1921548e+00
  -8.5498593e-01
  -6.7577008e-03
  -2.1347819e-01
   6.4136033e-02
  -6.7003982e-01
   1.1273588e+00
  -9.5887099e-02
   1.6735281e+00
  -1.4418185e+00
  -1.0259273e+00
   4.0597294e+00
  -3.0409285e+00
   1.1142050e+00
   9.7799803e-03
  -3.3644105e+00
   3.2141366e+00
  -2.0002715e+00
  -5.7226604e-02
   1.9896250e-01
   3.4460072e-01
  -2.0915917e-01
  -8.8726944e-01
   8.7315286e-01
   2.3038949e-01
   1.3930353e+00
  -7.5259542e-01
   3.5397779e-02
   3.3688372e-02
   6.5039321e-01
  -7.9729131e-03
   6.3508982e-01
  -2.1275308e+00
   1.7878097e+00
   9.7799803e-03
  -3.3644105e+00
   3.2141366e+00
  -2.0002715e+00
  -5.7226604e-02
   1.9896250e-01
   3.4460072e-01
  -2.0915917e-01
  -8.8726944e-01
   8.7315286e-01
   2.3038949e-01
   1.3930353e+00
  -7.5259542e-01
   3.5397779e-02
   3.3688372e-02
   6.5039321e-01
  -7.9729131e-03
   6.3508982e-01
  -2.1275308e+00
   1.7878097e+00
   9.7799803e-03
  -3.3644105e+00
   3.2141366e+00
  -2.0002715e+00
  -5.7226604e-02
   1.9896250e-01
   3.4460072e-01
  -2.0915917e-01
  -8.8726944e-01
   8.7315286e-01
  -1.4602120e-01
  -1.5997698e-01
  -2.0892235e-01
   6.5860911e-01
   3.2343469e-02
  -6.5649507e-01
   8.2636269e-01
  -5.7796614e-01
   7.8422911e-01
   5.0359074e-01
   1.4634882e+00
  -3.0290648e+00
   2.3385284e+00
   1.0420052e+00
  -3.0142111e+00
   2.0638397e+00
  -1.4819994e+00
   1.0519641e+00
  -5.9379778e-01
  -8.9650583e-01
  -1.4602120e-01
  -1.5997698e-01
  -2.0892235e-01
   6.5860911e-01
   3.2343469e-02
  -6.5649507e-01
   8.2636269e-01
  -5.7796614e-01
   7.8422911e-01
   5.0359074e-01
   1.4634882e+00
  -3.0290648e+00
   2.3385284e+00
   1.0420052e+00
  -3.0142111e+00
   2.0638397e+00
  -1.4819994e+00
   1.0519641e+00
  -5.9379778e-01
  -8.9650583e-01
  -1.4602120e-01
  -1.5997698e-01
  -2.0892235e-01
   6.5860911e-01
   3.2343469e-02
  -6.5649507e-01
   8.2636269e-01
  -5.7796614e-01
   7.8422911e-01
   5.0359074e-01
   2.1342075e+00
  -1.3105467e+00
   3.1555678e-01
   6.3026600e-01
  -7.7093684e-02
  -1.7185993e+00
   1.0713941e+00
   2.0935950e-01
  -1.9795875e+00
  -1.6465323e-02
   1.3923276e+00
  -7.0869889e-01
  -6.6978239e-01
   1.0820597e+00
  -2.3946506e+00
   3.1909537e+00
  -7.9748221e-01
   7.3346282e-02
   1.0051104e+00
  -1.4316750e+00
   2.1342075e+00
  -1.3105467e+00
   3.1555678e-01
   6.3026600e-01
  -7.7093684e-02
  -1.7185993e+00
   1.0713941e+00
   2.0935950e-01
  -1.9795875e+00
  -1.6465323e-02
   1.3923276e+00
  -7.0869889e-01
  -6.6978239e-01
   1.0820597e+00
  -2.3946506e+00
   3.1909537e+00
  -7.9748221e-01
   7.3346282e-02
   1.0051104e+00
  -1.4316750e+00
   2.1342075e+00
  -1.3105467e+00
   3.1555678e-01
   6.3026600e-01
  -7.7093684e-02
  -1.7185993e+00
   1.0713941e+00
   2.0935950e-01
  -1.9795875e+00
  -1.6465323e-02
